 ################################################################
 #              Results of the numerical simulation           #
 ################################################################
 
 #   record n°          truevalue            simulatedvalue     #
 
    1      3.41      3.66
    2      3.33      3.53
    3      3.45      3.45
    4      3.64      3.57
    5      3.87      3.76
    6      3.80      4.00
    7      5.81      3.93
    8      5.50      6.00
    9      6.30      5.67
   10      8.20      6.49
   11      7.20      8.44
   12      6.99      7.40
   13      8.03      7.18
   14      7.19      8.24
   15      6.88      7.38
   16      6.80      7.06
   17      5.59      6.97
   18      6.12      5.73
   19      6.69      6.27
   20      7.15      6.86
   21      7.42      7.33
   22      8.40      7.61
   23      8.80      8.61
   24      8.50      9.02
   25      8.30      8.71
   26      8.43      8.50
   27      8.80      8.64
   28      8.74      9.02
   29      9.57      8.95
   30     10.60      9.81
   31     14.29     10.86
   32     18.89     14.65
   33     16.70     19.35
   34     18.55     17.09
   35     23.92     18.98
   36     29.60     24.46
   37     28.92     30.23
   38     23.95     29.51
   39     14.65     24.43
   40     18.55     14.93
   41     19.84     18.92
   42     19.28     20.24
   43     19.49     19.67
   44     17.00     19.88
   45     15.68     17.34
   46     16.89     15.99
   47     17.51     17.23
   48     17.51     17.87
   49     17.51     17.87
   50     17.51     17.87
   51     17.51     17.87
   52     17.51     17.88
   53     17.51     17.88
   54     16.45     17.88
   55     16.75     16.80
   56     16.95     17.11
   57     16.84     17.31
   58     16.10     17.20
   59     15.40     16.44
   60     15.40     15.73
   61     15.44     15.73
   62     13.86     15.77
   63     12.91     14.15
   64     14.78     13.18
   65     14.78     15.10
   66     14.31     15.10
   67     14.38     14.62
   68     14.90     14.69
   69     14.21     15.23
   70     14.01     14.52
   71     13.95     14.32
   72     13.99     14.26
   73     13.81     14.30
   74     13.72     14.11
   75     13.16     14.02
   76     13.48     13.45
   77     13.85     13.78
   78     13.69     14.16
   79     13.61     14.00
   80     13.70     13.92
   81     13.68     14.01
   82     13.98     13.99
   83     14.05     14.30
   84     13.88     14.37
   85     13.94     14.20
   86     13.49     14.26
   87     13.50     13.80
   88     13.53     13.81
   89     13.35     13.84
   90     13.09     13.66
   91     12.05     13.39
   92      9.26     12.31
   93     10.75      9.43
   94      9.80     10.97
   95      6.55      9.98
   96      7.90      6.62
   97      7.80      8.02
   98      9.99      7.91
   99      9.98     10.18
  100      9.46     10.17
  101      9.46      9.63
  102     10.13      9.63
  103     10.80     10.33
  104     11.15     11.02
  105     10.96     11.39
  106     10.95     11.19
  107     10.83     11.18
  108     11.65     11.05
  109     11.45     11.91
  110     11.31     11.70
  111     10.89     11.55
  112     10.94     11.12
  113     10.85     11.17
  114      9.66     11.08
  115      8.18      9.84
  116      8.59      8.30
  117      9.07      8.72
  118      8.97      9.22
  119      8.79      9.12
  120      8.20      8.93
  121      8.21      8.31
  122      8.64      8.32
  123      8.48      8.77
  124      8.18      8.60
  125      7.61      8.29
  126      6.86      7.70
  127      7.19      6.91
  128      6.53      7.26
  129      5.03      6.57
  130      4.77      5.00
  131      5.86      4.73
  132      6.08      5.87
  133      5.80      6.09
  134      5.62      5.80
  135      4.84      5.61
  136      4.82      4.80
  137      4.77      4.77
  138      5.20      4.72
  139      5.46      5.17
  140      6.11      5.44
  141      5.61      6.12
  142      5.43      5.60
  143      5.55      5.41
  144      5.47      5.53
  145      5.33      5.45
  146      4.87      5.30
  147      4.92      4.82
  148      4.77      4.87
  149      4.78      4.71
  150      5.14      4.72
  151      5.03      5.09
  152      5.03      4.98
  153      5.02      4.98
  154      4.96      4.97
  155      4.87      4.90
  156      4.73      4.81
  157      4.27      4.66
  158      4.01      4.17
  159      4.10      3.90
  160      4.10      3.99
  161      3.93      3.99
  162      4.15      3.81
  163      4.05      4.04
  164      3.99      3.94
  165      3.84      3.87
  166      3.56      3.71
  167      2.56      3.42
  168      2.42      2.37
  169      2.27      2.22
  170      2.35      2.06
  171      2.57      2.14
  172      3.16      2.37
  173      3.17      2.99
  174      2.54      3.00
  175      2.77      2.34
  176      2.77      2.58
  177      3.04      2.58
  178      3.19      2.86
  179      3.58      3.02
  180      3.27      3.43
  181      3.25      3.10
  182      3.15      3.08
  183      3.25      2.97
  184      3.15      3.08
  185      3.11      2.97
  186      2.97      2.93
  187      2.96      2.78
  188      3.01      2.77
  189      3.03      2.82
  190      2.95      2.84
  191      2.84      2.75
  192      3.08      2.64
  193      3.03      2.89
  194      3.00      2.84
  195      2.22      2.80
  196      2.33      1.98
  197      2.56      2.09
  198      2.25      2.34
  199      2.05      2.01
  200      2.20      1.80
  201      2.20      1.95
  202      2.29      1.95
  203      2.33      2.05
  204      2.33      2.09
  205      2.43      2.09
  206      2.51      2.19
  207      2.47      2.28
  208      2.48      2.24
  209      2.55      2.25
  210      2.75      2.32
  211      2.97      2.53
  212      3.06      2.76
  213      3.12      2.86
  214      2.79      2.92
  215      2.83      2.57
  216      2.88      2.61
  217      3.03      2.66
  218      2.99      2.82
  219      2.98      2.78
  220      2.97      2.76
  221      3.05      2.75
  222      3.25      2.84
  223      3.13      3.05
  224      3.25      2.92
  225      3.15      3.05
  226      3.20      2.94
  227      3.20      2.99
  228      3.20      2.99
  229      3.19      2.99
  230      3.52      2.98
  231      3.95      3.33
  232      3.89      3.78
  233      3.89      3.72
  234      3.95      3.71
  235      3.94      3.78
  236      4.22      3.77
  237      4.02      4.06
  238      4.07      3.85
  239      4.19      3.90
  240      4.17      4.03
  241      4.25      4.00
  242      4.72      4.09
  243      5.27      4.58
  244      5.22      5.17
  245      4.88      5.11
  246      5.57      4.75
  247      6.95      5.48
  248      6.70      6.95
  249      6.81      6.68
  250      7.11      6.79
  251      6.33      7.11
  252      6.36      6.28
  253      6.90      6.31
  254      6.80      6.89
  255      6.41      6.78
  256      6.75      6.36
  257      7.00      6.72
  258      6.68      6.99
  259      5.60      6.64
  260      5.92      5.49
  261      6.36      5.83
  262      6.49      6.30
  263      6.18      6.43
  264      6.31      6.10
  265      6.36      6.24
  266      6.29      6.29
  267      5.75      6.21
  268      5.34      5.64
  269      5.29      5.20
  270      5.63      5.14
  271      5.38      5.50
  272      5.49      5.23
  273      5.48      5.35
  274      6.08      5.34
  275      6.10      5.98
  276      5.96      6.00
  277      5.87      5.85
  278      5.69      5.75
  279      5.45      5.55
  280      5.69      5.29
  281      5.60      5.55
  282      5.83      5.45
  283      5.91      5.70
  284      5.60      5.78
  285      5.51      5.45
  286      5.26      5.35
  287      4.46      5.08
  288      4.33      4.22
  289      4.27      4.08
  290      4.41      4.01
  291      4.22      4.16
  292      4.39      3.96
  293      4.36      4.14
  294      4.27      4.11
  295      4.42      4.01
  296      5.01      4.17
  297      5.03      4.81
  298      4.77      4.83
  299      4.92      4.55
  300      4.96      4.71
  301      4.87      4.75
  302      4.86      4.66
  303      4.92      4.65
  304      4.70      4.71
  305      4.61      4.48
  306      4.82      4.38
  307      4.98      4.61
  308      4.99      4.78
  309      4.94      4.79
  310      4.93      4.74
  311      4.86      4.73
  312      4.83      4.66
  313      4.91      4.62
  314      4.89      4.71
  315      5.27      4.69
  316      5.38      5.10
  317      5.33      5.22
  318      5.34      5.17
  319      5.22      5.18
  320      5.28      5.05
  321      4.69      5.12
  322      4.84      4.49
  323      4.81      4.65
  324      4.70      4.62
  325      4.69      4.51
  326      4.68      4.50
  327      4.55      4.49
  328      4.62      4.35
  329      4.81      4.43
  330      4.79      4.64
  331      4.81      4.62
  332      4.86      4.64
  333      4.91      4.70
  334      4.83      4.76
  335      4.97      4.67
  336      4.95      4.83
  337      4.91      4.81
  338      4.92      4.77
  339      4.95      4.78
  340      4.69      4.82
  341      4.79      4.54
  342      4.87      4.65
  343      4.84      4.74
  344      4.93      4.71
  345      4.92      4.81
  346      4.94      4.80
  347      4.96      4.83
  348      4.97      4.85
  349      4.93      4.86
  350      4.98      4.82
  351      5.12      4.88
  352      5.14      5.03
  353      5.35      5.06
  354      5.26      5.29
  355      5.20      5.19
  356      4.96      5.13
  357      5.10      4.87
  358      5.13      5.03
  359      5.10      5.06
  360      5.11      5.03
  361      4.98      5.05
  362      4.90      4.91
  363      4.95      4.82
  364      5.00      4.88
  365      5.07      4.94
  366      5.13      5.01
  367      5.07      5.08
  368      5.08      5.02
  369      5.05      5.03
  370      5.06      5.00
  371      5.05      5.02
  372      5.04      5.01
  373      4.85      5.00
  374      4.96      4.79
  375      4.95      4.92
  376      4.93      4.91
  377      5.01      4.89
  378      5.03      4.98
  379      5.09      5.01
  380      5.10      5.08
  381      5.12      5.09
  382      5.10      5.12
  383      5.09      5.10
  384      5.10      5.09
  385      5.10      5.10
  386      5.14      5.10
  387      5.12      5.15
  388      5.15      5.13
  389      5.10      5.16
  390      5.14      5.11
  391      5.14      5.16
  392      5.15      5.16
  393      5.13      5.17
  394      5.18      5.15
  395      5.27      5.21
  396      5.25      5.32
  397      5.21      5.30
  398      5.27      5.26
  399      5.44      5.33
  400      5.46      5.53
  401      5.59      5.56
  402      5.63      5.72
  403      5.56      5.77
  404      5.47      5.70
  405      5.57      5.59
  406      5.70      5.72
  407      5.93      5.87
  408      5.95      6.15
  409      6.50      6.18
  410      6.40      6.84
  411      6.16      6.72
  412      6.31      6.44
  413      6.50      6.62
  414      6.67      6.86
  415      6.68      7.06
  416      6.55      7.08
  417      6.43      6.92
  418      6.35      6.78
  419      6.30      6.69
  420      6.42      6.62
  421      6.65      6.77
  422      6.61      7.04
  423      6.65      6.99
  424      6.69      7.04
  425      6.63      7.08
  426      6.76      7.01
  427      6.45      7.16
  428      6.51      6.79
  429      6.67      6.86
  430      6.65      7.05
  431      6.76      7.02
  432      6.80      7.15
  433      7.02      7.20
  434      7.20      7.46
  435      7.15      7.67
  436      7.76      7.61
  437      7.67      8.33
  438      7.54      8.21
  439      7.62      8.06
  440      8.50      8.15
  441      8.80      9.18
  442      9.11      9.52
  443      8.87      9.87
  444      8.52      9.58
  445      8.85      9.16
  446      8.41      9.54
  447      8.45      9.01
  448      8.60      9.05
  449      8.80      9.22
  450      8.90      9.45
  451      8.90      9.56
  452      8.89      9.55
  453      8.71      9.53
  454      9.10      9.31
  455      9.35      9.76
  456      9.55     10.04
  457     10.53     10.26
  458     10.97     11.38
  459     10.98     11.88
  460     10.87     11.88
  461     10.86     11.74
  462     11.10     11.71
  463     11.06     11.97
  464     11.06     11.91
  465     11.39     11.90
  466     11.51     12.27
  467     11.62     12.39
  468     12.04     12.50
  469     12.19     12.97
  470     13.25     13.12
  471     13.50     14.30
  472     11.58     14.56
  473     11.61     12.38
  474      8.00     12.40
  475     10.10      8.32
  476      9.91     10.69
  477      9.81     10.47
  478     10.10     10.36
  479     10.60     10.68
  480     10.52     11.24
  481     10.61     11.15
  482     10.95     11.24
  483     10.94     11.62
  484     10.92     11.61
  485     10.78     11.58
  486     10.16     11.42
  487      9.97     10.72
  488     10.20     10.50
  489     10.53     10.76
  490     10.38     11.13
  491     11.00     10.96
  492     11.18     11.66
  493     11.00     11.86
  494     11.04     11.65
  495     11.02     11.69
  496     11.17     11.67
  497     11.33     11.83
  498     11.36     12.01
  499     11.40     12.04
  500     11.67     12.08
  501     11.75     12.39
  502     11.87     12.47
  503     11.89     12.60
  504     12.25     12.62
  505     12.57     13.02
  506     12.28     13.38
  507     12.37     13.05
  508     12.24     13.14
  509     12.19     12.99
  510     12.10     12.93
  511     12.20     12.82
  512     12.27     12.93
  513     12.31     13.01
  514     12.39     13.05
  515     12.36     13.13
  516     12.40     13.10
  517     12.40     13.14
  518     12.84     13.13
  519     12.89     13.63
  520     12.85     13.68
  521     12.69     13.63
  522     12.50     13.44
  523     11.80     13.22
  524     11.78     12.43
  525     11.89     12.40
  526     12.12     12.52
  527     12.03     12.78
  528     12.00     12.67
  529     11.86     12.64
  530     11.74     12.47
  531     11.84     12.34
  532     11.85     12.45
  533     11.81     12.45
  534     11.94     12.41
  535     11.74     12.55
  536     11.74     12.32
  537     11.63     12.32
  538     11.71     12.19
  539     11.65     12.28
  540     11.65     12.21
  541     10.86     12.20
  542     10.17     11.31
  543     10.26     10.53
  544     10.70     10.63
  545     10.60     11.12
  546     10.89     11.01
  547     11.20     11.33
  548     10.57     11.68
  549     10.47     10.97
  550     10.64     10.85
  551     10.80     11.04
  552     10.75     11.22
  553     10.90     11.16
  554     10.92     11.33
  555     10.92     11.35
  556     10.81     11.35
  557     10.89     11.22
  558     10.87     11.31
  559     11.01     11.29
  560     10.95     11.44
  561     10.95     11.37
  562     11.20     11.37
  563     11.75     11.65
  564     11.79     12.27
  565     11.65     12.32
  566     11.80     12.15
  567     11.73     12.32
  568     11.77     12.24
  569     12.42     12.28
  570     12.34     13.02
  571     12.41     12.92
  572     12.48     13.00
  573     12.25     13.07
  574     12.20     12.81
  575     12.35     12.75
  576     12.45     12.92
  577     12.56     13.03
  578     12.56     13.15
  579     12.50     13.15
  580     12.68     13.08
  581     13.41     13.28
  582     13.38     14.11
  583     13.30     14.07
  584     13.50     13.98
  585     13.42     14.20
  586     13.39     14.11
  587     13.43     14.07
  588     13.56     14.11
  589     13.70     14.25
  590     13.70     14.41
  591     13.60     14.41
  592     13.49     14.29
  593     13.30     14.16
  594     13.25     13.94
  595     13.30     13.88
  596     13.60     13.94
  597     13.52     14.28
  598     13.50     14.18
  599     13.37     14.16
  600     13.31     14.01
  601     13.38     13.94
  602     13.35     14.01
  603     13.47     13.98
  604     13.42     14.11
  605     13.42     14.05
  606     13.40     14.05
  607     13.45     14.02
  608     13.51     14.08
  609     13.30     14.14
  610     13.28     13.90
  611     13.40     13.88
  612     13.50     14.01
  613     13.44     14.12
  614     13.45     14.05
  615     13.59     14.06
  616     13.74     14.22
  617     13.77     14.39
  618     14.14     14.42
  619     14.14     14.84
  620     14.24     14.84
  621     14.12     14.95
  622     14.30     14.81
  623     14.25     15.01
  624     14.73     14.95
  625     15.50     15.50
  626     15.70     16.38
  627     15.61     16.61
  628     15.70     16.50
  629     16.80     16.60
  630     17.26     17.86
  631     17.50     18.38
  632     16.90     18.65
  633     17.40     17.95
  634     17.88     18.52
  635     17.82     19.06
  636     18.72     18.98
  637     19.53     20.01
  638     19.70     20.92
  639     20.41     21.10
  640     20.50     21.90
  641     19.63     21.99
  642     20.59     20.98
  643     20.43     22.06
  644     20.60     21.87
  645     21.18     22.05
  646     22.15     22.69
  647     22.66     23.78
  648     23.65     24.34
  649     23.97     25.44
  650     24.65     25.77
  651     25.17     26.52
  652     24.20     27.07
  653     27.22     25.95
  654     27.10     29.33
  655     27.22     29.15
  656     26.81     29.25
  657     26.95     28.76
  658     29.42     28.89
  659     29.64     31.62
  660     29.75     31.82
  661     30.25     31.90
  662     29.80     32.42
  663     29.89     31.88
  664     30.40     31.95
  665     31.10     32.49
  666     30.90     33.23
  667     33.38     32.98
  668     34.50     35.69
  669     34.25     36.88
  670     34.50     36.56
  671     36.15     36.80
  672     40.33     38.57
  673     41.02     43.11
  674     42.00     43.79
  675     44.18     44.80
  676     46.85     47.11
  677     46.00     49.94
  678     48.40     48.93
  679     44.29     51.46
  680     46.92     46.94
  681     47.17     49.74
  682     46.95     49.95
  683     47.00     49.66
  684     47.40     49.67
  685     51.60     50.06
  686     59.14     54.54
  687     64.49     62.57
  688     70.85     68.21
  689     69.86     74.89
  690     64.35     73.70
  691     71.50     67.72
  692     73.60     75.26
  693     78.50     77.39
  694     88.92     82.49
  695     86.18     93.40
  696     90.50     90.36
  697     92.19     94.81
  698     93.03     96.47
  699    104.00     97.25
  700    117.98    108.67
  701    135.00    123.20
  702    132.12    140.82
  703    142.32    137.58
  704    142.63    148.04
  705    162.30    148.17
  706    187.50    168.47
  707    230.00    194.41
  708    165.00    238.10
  709    124.90    170.45
  710    117.00    128.79
  711     93.00    120.58
  712     90.00     95.66
  713     82.39     92.54
  714     68.36     84.64
  715     93.07     70.07
  716    109.01     95.75
  717    118.48    112.31
  718    126.62    122.14
  719    119.20    130.59
  720    127.40    122.86
  721    143.47    131.38
  722    154.20    148.05
  723    141.71    159.17
  724    136.90    146.17
  725    128.00    141.16
  726    134.44    131.90
  727    144.00    138.58
  728    139.23    148.51
  729    116.38    143.54
  730    106.25    119.78
  731     98.10    109.25
  732    112.90    100.78
  733    115.98    116.17
  734    112.25    119.38
  735    109.60    115.49
  736    113.20    112.74
  737    112.80    116.49
  738    117.70    116.07
  739    115.64    121.17
  740    114.82    119.03
  741    117.98    118.17
  742    111.40    121.47
  743    114.22    114.61
  744    118.21    117.55
  745    123.50    121.71
  746    123.21    127.23
  747    122.50    126.92
  748    122.02    126.18
  749    122.89    125.68
  750    123.80    126.59
  751    126.30    127.54
  752    133.10    130.14
  753    131.99    137.24
  754    133.50    136.08
  755    129.77    137.65
  756    129.00    133.76
  757    132.25    132.95
  758    128.80    136.34
  759    128.82    132.74
  760    129.30    132.76
  761    122.50    133.26
  762    120.74    126.14
  763    121.40    124.30
  764    121.90    124.99
  765    118.97    125.52
  766    111.00    122.45
  767    107.89    114.11
  768    100.44    110.85
  769    106.35    103.05
  770    109.00    109.24
  771    108.78    112.02
  772    103.95    111.79
  773    100.00    106.72
  774     99.80    102.58
  775     99.90    102.37
  776    101.95    102.47
  777    107.35    104.62
  778    108.25    110.29
  779    111.29    111.23
  780    109.50    114.43
  781    108.20    112.54
  782    107.90    111.18
  783    102.09    110.86
  784    103.33    104.75
  785    104.00    106.05
  786    101.74    106.76
  787     94.66    104.38
  788     95.00     96.92
  789     97.51     97.28
  790     84.61     99.92
  791     87.66     86.32
  792     76.89     89.53
  793     77.68     78.18
  794     66.34     79.00
  795     66.85     67.04
  796     72.51     67.57
  797     74.56     73.54
  798     74.22     75.69
  799     84.51     75.33
  800     91.22     86.19
  801     88.46     93.27
  802     91.39     90.35
  803     90.37     93.44
  804     93.14     92.36
  805     92.74     95.28
  806     90.54     94.85
  807     85.43     92.52
  808     85.78     87.11
  809     85.67     87.47
  810     85.47     87.35
  811     86.09     87.13
  812     86.94     87.78
  813     87.46     88.68
  814     89.41     89.22
  815     90.63     91.28
  816     89.10     92.57
  817     92.10     90.94
  818     93.30     94.12
  819     96.31     95.39
  820     97.91     98.58
  821     96.42    100.27
  822     97.24     98.69
  823     96.66     99.55
  824     96.60     98.93
  825     96.92     98.86
  826     97.13     99.19
  827     96.92     99.41
  828     94.77     99.18
  829     93.36     96.88
  830     93.29     95.38
  831     94.16     95.29
  832     95.08     96.21
  833     97.90     97.19
  834     97.96    100.19
  835     97.54    100.25
  836     98.33     99.79
  837     99.56    100.63
  838     98.84    101.94
  839    102.30    101.16
  840    105.01    104.86
  841    111.44    107.75
  842    109.73    114.63
  843    107.55    112.79
  844    108.69    110.45
  845    111.79    111.67
  846    112.23    114.99
  847    117.45    115.45
  848    117.59    121.05
  849    117.52    121.19
  850    123.23    121.11
  851    129.46    127.25
  852    128.26    133.94
  853    127.36    132.64
  854    127.59    131.67
  855    120.57    131.91
  856    120.53    124.35
  857    116.32    124.30
  858    119.05    119.75
  859    116.59    122.69
  860    120.02    120.03
  861    121.46    123.73
  862    125.45    125.28
  863    125.76    129.58
  864    126.51    129.91
  865    124.08    130.72
  866    124.58    128.08
  867    125.06    128.62
  868    125.97    129.13
  869    126.30    130.11
  870    124.19    130.46
  871    122.90    128.17
  872    122.64    126.76
  873    122.65    126.47
  874    122.22    126.48
  875    122.54    126.00
  876    123.42    126.34
  877    123.48    127.29
  878    123.50    127.35
  879    124.75    127.37
  880    125.18    128.72
  881    123.10    129.18
  882    125.49    126.91
  883     99.81    129.51
  884    116.82    101.44
  885    121.29    120.03
  886    121.14    124.91
  887    121.68    124.73
  888    123.24    125.32
  889    124.32    127.02
  890    125.84    128.20
  891    125.70    129.86
  892    125.51    129.70
  893    126.52    129.48
  894    130.42    130.58
  895    133.04    134.87
  896    138.64    137.75
  897    137.42    143.92
  898    142.73    142.57
  899    149.59    148.42
  900    159.81    156.00
  901    163.06    167.29
  902    174.18    170.87
  903    183.86    183.16
  904    200.62    193.85
  905    183.15    212.36
  906    178.12    192.99
  907    175.90    187.40
  908    185.69    184.93
  909    187.87    195.76
  910    198.19    198.16
  911    194.55    209.58
  912    198.23    205.50
  913    198.51    209.56
  914    200.85    209.83
  915    207.63    212.40
  916    225.20    219.89
  917    239.29    239.33
  918    253.69    254.86
  919    283.30    270.68
  920    323.77    303.22
  921    336.14    347.47
  922    311.90    360.47
  923    332.63    333.27
  924    349.34    355.60
  925    393.28    373.38
  926    410.72    420.72
  927    409.17    438.82
  928    428.82    436.26
  929    476.29    456.76
  930    674.38    507.15
  931    541.83    718.00
  932    572.67    573.80
  933    695.87    605.60
  934    747.48    735.31
  935    776.70    787.95
  936    751.38    816.79
  937    778.68    788.31
  938    899.20    815.73
  939    948.41    940.99
  940   1037.75    990.78
  941   1120.40   1082.44
  942   1124.76   1166.75
  943    946.92   1169.36
  944   1038.35    982.62
  945   1068.67   1077.17
  946   1147.25   1107.88
  947   1042.03   1188.77
  948    834.03   1078.52
  949    694.47    861.69
  950    795.40    716.28
  951    898.02    821.34
  952    990.00    928.05
  953    883.26   1023.56
  954    875.75    912.25
  955    898.21    904.31
  956    867.49    927.58
  957    879.47    895.50
  958    712.51    907.88
  959    683.84    733.98
  960    522.23    704.12
  961    698.45    535.74
  962    622.84    719.40
  963    608.96    640.60
  964    617.82    626.14
  965    673.17    635.39
  966    667.62    693.13
  967    687.36    687.34
  968    765.21    707.94
  969    746.72    789.18
  970    730.47    769.87
  971    745.07    752.90
  972    754.76    768.14
  973    757.50    778.25
  974    770.44    781.10
  975    808.05    794.61
  976    830.02    833.89
  977    858.98    856.82
  978    940.10    887.05
  979    951.39    971.76
  980    810.58    983.47
  981    859.95    836.22
  982    860.89    887.81
  983    884.67    888.76
  984    930.90    913.59
  985    873.26    961.88
  986    857.96    901.53
  987    851.83    885.49
  988    874.71    879.04
  989    847.37    902.95
  990    828.22    874.29
  991    843.76    854.21
  992    878.68    870.45
  993    871.05    906.97
  994    874.29    898.93
  995    863.95    902.28
  996    854.35    891.40
  997    825.12    881.29
  998    861.85    850.60
  999    880.15    889.05
 1000    814.53    908.20
 1001    833.94    839.39
 1002    837.51    859.72
 1003    845.85    863.45
 1004    848.29    872.19
 1005    853.02    874.74
 1006    854.37    879.68
 1007    846.90    881.08
 1008    842.01    873.21
 1009    820.87    868.05
 1010    783.62    845.83
 1011    703.57    806.69
 1012    676.91    722.58
 1013    681.94    694.55
 1014    679.73    699.81
 1015    669.44    697.47
 1016    648.38    686.63
 1017    598.41    664.46
 1018    656.61    611.88
 1019    645.43    673.08
 1020    610.65    661.30
 1021    621.49    624.67
 1022    621.22    636.06
 1023    617.71    635.75
 1024    552.21    632.03
 1025    569.04    562.99
 1026    604.75    580.69
 1027    604.58    618.30
 1028    545.32    618.10
 1029    534.71    555.57
 1030    577.09    544.34
 1031    576.70    589.02
 1032    543.93    588.58
 1033    563.74    553.95
 1034    560.30    574.83
 1035    661.12    571.16
 1036    663.60    677.63
 1037    661.79    680.22
 1038    658.72    678.28
 1039    625.83    675.01
 1040    615.24    640.20
 1041    633.18    628.96
 1042    625.83    647.91
 1043    628.95    640.09
 1044    631.39    643.36
 1045    638.16    645.91
 1046    626.71    653.04
 1047    633.67    640.88
 1048    630.72    648.21
 1049    621.22    645.05
 1050    613.63    634.94
 1051    608.82    626.85
 1052    586.59    621.71
 1053    570.77    598.08
 1054    564.42    581.25
 1055    561.35    574.46
 1056    586.27    571.15
 1057    582.28    597.57
 1058    579.07    593.29
 1059    478.16    589.83
 1060    502.44    482.50
 1061    493.18    508.26
 1062    461.87    498.35
 1063    458.50    464.98
 1064    478.72    461.33
 1065    437.51    482.78
 1066    447.08    438.84
 1067    448.88    448.96
 1068    464.83    450.81
 1069    460.70    467.74
 1070    446.22    463.27
 1071    450.46    447.76
 1072    440.20    452.21
 1073    360.84    441.19
 1074    420.06    356.43
 1075    420.66    419.57
 1076    414.95    420.13
 1077    457.63    413.95
 1078    520.12    459.47
 1079    529.16    526.18
 1080    494.40    535.77
 1081    478.23    498.53
 1082    501.55    481.15
 1083    497.32    506.03
 1084    493.09    501.42
 1085    484.43    496.81
 1086    486.93    487.45
 1087    500.26    490.04
 1088    459.61    504.25
 1089    456.14    460.56
 1090    429.65    456.75
 1091    437.06    428.23
 1092    444.25    436.09
 1093    445.87    443.72
 1094    456.27    445.36
 1095    446.64    456.45
 1096    436.94    446.00
 1097    434.06    435.47
 1098    429.72    432.27
 1099    426.99    427.50
 1100    436.96    424.45
 1101    435.34    435.09
 1102    448.23    433.24
 1103    452.71    447.03
 1104    436.54    451.76
 1105    438.43    434.21
 1106    437.41    436.14
 1107    441.75    434.93
 1108    444.32    439.51
 1109    445.01    442.18
 1110    446.36    442.81
 1111    444.81    444.16
 1112    444.31    442.37
 1113    485.83    441.72
 1114    489.16    486.57
 1115    526.06    490.07
 1116    519.04    529.96
 1117    525.63    522.24
 1118    570.09    529.29
 1119    581.83    577.45
 1120    569.63    590.11
 1121    574.45    576.76
 1122    565.51    581.90
 1123    616.47    572.08
 1124    623.26    627.45
 1125    629.02    634.76
 1126    658.79    640.95
 1127    665.73    673.32
 1128    636.78    680.82
 1129    656.06    649.15
 1130    645.56    670.12
 1131    652.71    658.57
 1132    653.64    666.30
 1133    645.34    667.24
 1134    649.81    658.07
 1135    627.91    662.88
 1136    581.80    638.79
 1137    597.43    588.12
 1138    571.69    605.16
 1139    591.97    576.78
 1140    588.06    598.95
 1141    607.34    594.54
 1142    604.88    615.63
 1143    592.26    612.82
 1144    588.52    598.80
 1145    591.03    594.56
 1146    598.88    597.21
 1147    587.46    605.75
 1148    575.07    593.01
 1149    562.13    579.19
 1150    579.38    564.73
 1151    600.86    583.69
 1152    591.99    607.35
 1153    598.60    597.38
 1154    639.36    604.58
 1155    635.59    649.71
 1156    647.34    645.41
 1157    640.69    658.36
 1158    626.96    650.85
 1159    628.33    635.43
 1160    631.71    636.83
 1161    617.99    640.47
 1162    620.22    625.02
 1163    620.55    627.37
 1164    615.11    627.60
 1165    631.18    621.36
 1166    634.48    639.23
 1167    627.58    642.80
 1168    618.38    634.90
 1169    619.36    624.40
 1170    615.20    625.35
 1171    622.62    620.50
 1172    628.22    628.71
 1173    625.80    634.87
 1174    621.37    631.97
 1175    620.01    626.79
 1176    618.81    625.07
 1177    617.93    623.53
 1178    600.01    622.34
 1179    599.93    601.75
 1180    593.85    601.45
 1181    590.95    594.29
 1182    584.69    590.74
 1183    582.20    583.34
 1184    564.37    580.24
 1185    581.35    559.50
 1186    595.08    578.75
 1187    587.29    594.31
 1188    585.51    585.06
 1189    586.76    582.74
 1190    583.11    583.91
 1191    583.04    579.41
 1192    587.40    579.05
 1193    590.53    583.84
 1194    588.09    587.22
 1195    589.45    584.11
 1196    573.31    585.41
 1197    568.21    566.21
 1198    544.57    559.90
 1199    508.55    531.77
 1200    496.62    488.98
 1201    519.83    474.50
 1202    492.95    501.47
 1203    460.67    469.23
 1204    486.74    430.50
 1205    511.93    460.96
 1206    516.16    490.45
 1207    513.94    495.06
 1208    497.22    492.00
 1209    508.57    471.60
 1210    501.63    484.84
 1211    513.47    476.24
 1212    510.43    490.18
 1213    507.02    486.22
 1214    508.42    481.84
 1215    501.20    483.27
 1216    478.07    474.40
 1217    474.13    446.39
 1218    475.32    441.52
 1219    474.54    442.88
 1220    489.09    441.94
 1221    480.50    459.70
 1222    482.24    449.43
 1223    479.48    451.65
 1224    472.15    448.55
 1225    471.56    439.99
 1226    477.53    439.55
 1227    476.33    447.00
 1228    473.83    445.81
 1229    477.09    443.06
 1230    474.71    447.21
 1231    471.36    444.49
 1232    463.74    440.48
 1233    454.91    431.25
 1234    421.46    420.76
 1235    391.94    380.27
 1236    406.82    344.42
 1237    396.57    362.29
 1238    398.89    349.81
 1239    435.38    353.05
 1240    422.30    398.02
 1241    408.80    382.38
 1242    401.92    366.17
 1243    398.36    357.88
 1244    376.20    353.84
 1245    374.73    327.08
 1246    386.27    325.62
 1247    381.33    340.11
 1248    371.99    334.39
 1249    356.56    323.46
 1250    325.49    305.15
 1251    319.64    267.75
 1252    328.46    261.35
 1253    334.09    272.77
 1254    352.79    280.24
 1255    363.78    303.50
 1256    358.69    317.33
 1257    359.20    311.65
 1258    376.19    312.76
 1259    388.38    333.74
 1260    398.71    348.87
 1261    391.84    361.70
 1262    380.08    353.75
 1263    380.42    339.91
 1264    388.96    340.69
 1265    386.59    351.34
 1266    379.37    348.80
 1267    382.38    340.39
 1268    379.10    344.29
 1269    355.86    340.48
 1270    355.17    312.52
 1271    346.11    312.05
 1272    351.54    301.41
 1273    348.96    308.27
 1274    351.90    305.40
 1275    333.38    309.10
 1276    343.78    286.92
 1277    336.80    299.82
 1278    325.39    291.65
 1279    323.74    278.07
 1280    324.23    276.39
 1281    328.28    277.34
 1282    337.14    282.56
 1283    348.23    293.52
 1284    341.08    307.20
 1285    344.03    298.66
 1286    363.31    302.44
 1287    365.29    326.12
 1288    366.99    328.74
 1289    427.24    330.94
 1290    417.15    404.78
 1291    398.43    392.55
 1292    375.13    369.68
 1293    388.55    341.14
 1294    385.86    357.76
 1295    372.38    354.51
 1296    377.24    337.90
 1297    356.14    343.95
 1298    348.86    317.79
 1299    352.04    308.78
 1300    366.77    312.82
 1301    375.24    331.34
 1302    375.72    342.16
 1303    368.51    343.02
 1304    369.14    334.29
 1305    375.85    335.35
 1306    375.22    343.99
 1307    377.09    343.47
 1308    378.64    346.08
 1309    381.54    348.26
 1310    374.97    352.13
 1311    369.15    344.20
 1312    376.04    337.22
 1313    374.02    346.07
 1314    374.26    343.81
 1315    360.94    344.36
 1316    351.27    328.06
 1317    344.62    316.35
 1318    347.13    308.42
 1319    350.94    311.87
 1320    347.47    316.90
 1321    351.14    312.92
 1322    345.10    317.78
 1323    326.08    310.61
 1324    319.17    287.45
 1325    310.75    279.32
 1326    317.01    269.31
 1327    329.57    277.40
 1328    319.24    293.22
 1329    330.67    280.82
 1330    334.05    295.25
 1331    321.88    299.74
 1332    318.61    285.08
 1333    327.16    281.41
 1334    315.17    292.26
 1335    316.80    277.86
 1336    312.44    280.20
 1337    309.87    275.20
 1338    319.70    272.39
 1339    313.92    284.78
 1340    314.59    278.03
 1341    279.85    279.18
 1342    263.63    237.05
 1343    272.95    217.74
 1344    285.58    229.66
 1345    294.88    245.54
 1346    283.25    257.30
 1347    288.84    243.54
 1348    274.07    250.76
 1349    265.37    233.23
 1350    267.09    223.12
 1351    226.98    225.68
 1352    177.28    177.69
 1353    210.46    118.49
 1354    207.22    159.31
 1355    199.62    156.15
 1356    209.93    147.72
 1357    213.98    160.77
 1358    210.48    166.25
 1359    225.98    162.69
 1360    232.66    181.76
 1361    232.97    190.22
 1362    247.99    191.05
 1363    254.51    209.33
 1364    271.95    217.33
 1365    262.06    238.34
 1366    233.21    226.88
 1367    232.40    193.01
 1368    226.50    192.48
 1369    216.91    185.98
 1370    226.40    175.15
 1371    237.54    186.83
 1372    226.96    200.38
 1373    226.73    188.34
 1374    216.77    188.50
 1375    222.48    177.24
 1376    227.33    184.38
 1377    222.87    190.48
 1378    220.17    185.67
 1379    220.08    182.90
 1380    219.49    183.19
 1381    221.85    182.86
 1382    235.79    185.98
 1383    257.47    202.57
 1384    234.33    228.11
 1385    233.56    201.44
 1386    243.60    200.85
 1387    236.21    212.80
 1388    239.83    204.49
 1389    243.78    208.96
 1390    244.26    213.80
 1391    235.53    214.60
 1392    238.08    204.75
 1393    238.76    207.97
 1394    237.25    209.03
 1395    236.10    207.53
 1396    252.51    206.46
 1397    253.53    225.65
 1398    258.74    227.04
 1399    271.35    233.25
 1400    281.45    247.98
 1401    271.92    259.79
 1402    274.86    248.97
 1403    272.21    252.52
 1404    275.89    249.66
 1405    274.48    254.07
 1406    288.52    252.65
 1407    290.51    268.97
 1408    295.83    271.43
 1409    293.87    277.71
 1410    284.28    275.63
 1411    281.36    264.79
 1412    285.34    261.62
 1413    290.38    266.37
 1414    284.46    272.33
 1415    255.37    265.71
 1416    259.74    232.51
 1417    260.84    237.73
 1418    259.62    239.18
 1419    267.80    237.98
 1420    265.94    247.56
 1421    245.44    245.60
 1422    246.13    222.26
 1423    247.65    223.25
 1424    246.58    225.20
 1425    252.25    224.17
 1426    242.02    230.88
 1427    246.85    219.34
 1428    243.39    225.09
 1429    246.55    221.33
 1430    252.26    225.16
 1431    253.54    231.91
 1432    253.12    233.56
 1433    259.95    233.26
 1434    254.52    241.28
 1435    252.80    235.23
 1436    244.36    233.43
 1437    243.26    223.94
 1438    235.22    222.86
 1439    236.12    213.84
 1440    235.64    215.07
 1441    223.41    214.72
 1442    218.27    200.90
 1443    223.57    195.22
 1444    228.11    201.50
 1445    222.23    206.88
 1446    222.84    200.32
 1447    221.69    201.19
 1448    224.31    200.05
 1449    235.81    203.23
 1450    233.92    216.59
 1451    235.56    214.58
 1452    230.79    216.62
 1453    225.85    211.30
 1454    218.81    205.79
 1455    228.50    197.87
 1456    225.68    209.15
 1457    225.98    206.06
 1458    236.57    206.55
 1459    232.12    218.87
 1460    234.90    213.89
 1461    240.12    217.23
 1462    238.77    223.37
 1463    236.55    221.94
 1464    230.05    219.50
 1465    237.78    212.12
 1466    243.39    221.17
 1467    240.48    227.77
 1468    239.63    224.51
 1469    241.85    223.65
 1470    240.99    226.34
 1471    235.80    225.46
 1472    236.74    219.55
 1473    237.31    220.76
 1474    235.73    221.54
 1475    236.10    219.83
 1476    232.87    220.37
 1477    231.94    216.71
 1478    234.25    215.73
 1479    235.30    218.52
 1480    240.52    219.85
 1481    239.03    226.04
 1482    241.19    224.39
 1483    237.49    227.00
 1484    237.33    222.74
 1485    237.18    222.63
 1486    237.47    222.52
 1487    237.10    222.94
 1488    233.29    222.58
 1489    230.00    218.18
 1490    223.31    214.41
 1491    225.75    206.62
 1492    225.65    209.62
 1493    224.37    209.62
 1494    225.04    208.24
 1495    225.68    209.16
 1496    223.39    210.02
 1497    228.65    207.40
 1498    229.33    213.74
 1499    228.95    214.65
 1500    230.02    214.29
 1501    230.20    215.66
 1502    232.75    215.96
 1503    233.85    219.09
 1504    237.31    220.48
 1505    250.90    224.70
 1506    249.17    241.06
 1507    248.87    239.08
 1508    243.55    238.81
 1509    245.26    232.51
 1510    244.01    234.66
 1511    246.77    233.24
 1512    243.99    236.65
 1513    240.22    233.38
 1514    242.42    228.90
 1515    242.64    231.65
 1516    250.71    232.00
 1517    248.07    241.88
 1518    256.49    238.75
 1519    262.48    249.09
 1520    257.66    256.50
 1521    254.35    250.69
 1522    255.60    246.72
 1523    260.35    248.34
 1524    271.02    254.28
 1525    268.49    267.54
 1526    264.96    264.50
 1527    269.65    260.23
 1528    268.11    266.12
 1529    283.88    264.30
 1530    291.69    283.96
 1531    309.98    293.78
 1532    290.88    316.64
 1533    286.19    292.97
 1534    283.82    287.23
 1535    277.83    284.35
 1536    278.49    276.96
 1537    274.49    277.87
 1538    272.49    272.95
 1539    278.41    270.53
 1540    275.10    278.01
 1541    276.62    273.91
 1542    275.63    275.85
 1543    287.97    274.65
 1544    288.13    290.16
 1545    291.64    290.43
 1546    292.73    294.90
 1547    293.79    296.34
 1548    288.77    297.74
 1549    287.29    291.52
 1550    283.94    289.76
 1551    280.04    285.66
 1552    281.65    280.85
 1553    280.48    282.98
 1554    284.50    281.60
 1555    281.38    286.79
 1556    278.25    282.95
 1557    279.03    279.07
 1558    260.20    280.17
 1559    264.44    256.29
 1560    263.76    261.77
 1561    270.92    260.98
 1562    265.64    270.19
 1563    263.34    263.52
 1564    264.87    260.66
 1565    260.73    262.69
 1566    257.67    257.46
 1567    256.98    253.62
 1568    219.00    252.80
 1569    225.39    204.26
 1570    234.69    212.55
 1571    231.94    224.55
 1572    229.74    221.12
 1573    227.59    218.40
 1574    209.13    215.74
 1575    221.71    192.23
 1576    225.38    208.45
 1577    224.26    213.24
 1578    230.98    211.89
 1579    229.76    220.60
 1580    228.61    219.05
 1581    230.02    217.59
 1582    227.35    219.46
 1583    228.86    216.06
 1584    226.76    218.08
 1585    230.09    215.39
 1586    234.68    219.81
 1587    239.44    225.88
 1588    240.02    232.21
 1589    243.55    233.05
 1590    238.29    237.77
 1591    238.59    230.92
 1592    240.08    231.38
 1593    234.82    233.43
 1594    230.33    226.50
 1595    230.24    220.58
 1596    229.92    220.50
 1597    228.80    220.11
 1598    232.79    218.64
 1599    232.72    224.06
 1600    231.24    223.99
 1601    230.86    222.00
 1602    226.61    221.51
 1603    230.52    215.67
 1604    229.96    221.07
 1605    234.28    220.29
 1606    234.84    226.36
 1607    234.21    227.20
 1608    232.85    226.37
 1609    239.34    224.49
 1610    236.62    233.77
 1611    236.25    229.94
 1612    237.57    229.46
 1613    237.40    231.42
 1614    239.09    231.25
 1615    238.69    233.78
 1616    240.59    233.27
 1617    246.42    236.13
 1618    243.27    244.78
 1619    242.69    240.24
 1620    244.32    239.48
 1621    245.33    242.01
 1622    247.53    243.62
 1623    245.59    247.04
 1624    249.94    244.24
 1625    252.59    250.96
 1626    254.81    255.14
 1627    262.94    258.69
 1628    271.20    271.36
 1629    262.90    284.38
 1630    264.42    271.73
 1631    270.22    274.34
 1632    267.33    283.46
 1633    274.41    278.92
 1634    277.46    290.01
 1635    282.66    294.84
 1636    283.07    303.09
 1637    286.13    303.73
 1638    294.40    308.56
 1639    303.89    321.36
 1640    313.59    335.84
 1641    326.00    350.40
 1642    312.43    368.71
 1643    325.08    347.66
 1644    359.35    366.45
 1645    400.71    417.10
 1646    408.74    475.42
 1647    387.51    482.71
 1648    374.95    448.93
 1649    384.80    428.98
 1650    373.49    441.06
 1651    380.04    423.48
 1652    337.93    431.16
 1653    312.58    371.61
 1654    336.86    335.97
 1655    337.29    369.44
 1656    333.55    369.61
 1657    319.93    364.04
 1658    331.59    344.94
 1659    335.77    360.74
 1660    334.97    366.17
 1661    326.31    364.72
 1662    321.99    352.55
 1663    327.17    346.40
 1664    324.34    353.26
 1665    323.26    349.17
 1666    320.16    347.49
 1667    328.98    343.06
 1668    353.30    354.89
 1669    358.18    387.64
 1670    357.66    393.78
 1671    371.86    392.60
 1672    376.91    411.18
 1673    362.73    417.26
 1674    359.43    397.65
 1675    361.31    392.77
 1676    363.48    394.84
 1677    388.86    397.27
 1678    388.46    430.33
 1679    395.86    429.05
 1680    418.14    438.01
 1681    418.04    466.20
 1682    415.25    464.97
 1683    453.90    460.35
 1684    435.90    508.92
 1685    433.54    484.45
 1686    443.84    480.35
 1687    465.50    492.37
 1688    455.37    518.49
 1689    455.99    504.41
 1690    463.84    504.06
 1691    462.23    512.76
 1692    442.50    509.66
 1693    437.76    484.26
 1694    435.50    477.70
 1695    442.84    474.29
 1696    454.85    482.73
 1697    455.31    496.84
 1698    417.22    496.70
 1699    422.52    449.51
 1700    421.26    455.64
 1701    432.62    453.73
 1702    426.14    467.21
 1703    430.05    458.92
 1704    434.46    463.31
 1705    433.59    468.29
 1706    430.36    466.85
 1707    433.49    462.57
 1708    432.25    466.01
 1709    429.46    464.16
 1710    458.28    460.47
 1711    453.37    494.84
 1712    449.14    488.49
 1713    448.96    483.01
 1714    448.38    482.42
 1715    432.88    481.37
 1716    432.04    462.47
 1717    429.73    461.20
 1718    358.77    458.19
 1719    387.66    373.02
 1720    380.21    407.55
 1721    385.84    398.51
 1722    377.74    405.15
 1723    418.74    395.35
 1724    409.94    444.29
 1725    381.76    433.59
 1726    386.19    399.75
 1727    402.61    404.94
 1728    390.66    424.46
 1729    391.43    410.05
 1730    394.63    410.86
 1731    379.38    414.58
 1732    378.20    396.24
 1733    376.94    394.74
 1734    367.13    393.15
 1735    371.25    381.33
 1736    372.88    386.19
 1737    368.93    388.06
 1738    388.61    383.25
 1739    385.34    406.75
 1740    375.40    402.74
 1741    375.28    390.74
 1742    371.10    390.51
 1743    373.32    385.42
 1744    379.96    388.01
 1745    377.72    395.90
 1746    383.13    393.13
 1747    392.18    399.54
 1748    406.74    410.32
 1749    399.48    427.69
 1750    407.36    418.86
 1751    415.56    428.21
 1752    421.64    437.93
 1753    420.33    445.09
 1754    436.52    443.38
 1755    438.98    462.65
 1756    438.07    465.43
 1757    419.98    464.16
 1758    424.36    442.31
 1759    423.52    447.43
 1760    432.06    446.29
 1761    432.14    456.39
 1762    432.64    456.34
 1763    436.61    456.79
 1764    433.64    461.40
 1765    421.60    457.70
 1766    419.47    443.14
 1767    407.98    440.47
 1768    397.83    426.59
 1769    404.55    414.33
 1770    412.98    422.30
 1771    411.76    432.32
 1772    412.62    430.76
 1773    416.16    431.69
 1774    419.89    435.84
 1775    410.13    440.21
 1776    412.29    428.39
 1777    415.09    430.89
 1778    415.38    434.16
 1779    416.25    434.41
 1780    418.45    435.37
 1781    408.04    437.92
 1782    408.52    425.31
 1783    410.75    425.80
 1784    411.42    428.40
 1785    416.93    429.13
 1786    417.39    435.68
 1787    414.34    436.15
 1788    415.69    432.38
 1789    416.73    433.92
 1790    425.38    435.09
 1791    422.76    445.45
 1792    415.55    442.19
 1793    412.69    433.38
 1794    415.16    429.84
 1795    417.01    432.74
 1796    419.69    434.89
 1797    419.38    438.04
 1798    419.42    437.57
 1799    422.65    437.52
 1800    421.70    441.35
 1801    421.20    440.10
 1802    418.09    439.40
 1803    418.42    435.54
 1804    421.11    435.85
 1805    422.99    439.03
 1806    425.99    441.23
 1807    424.40    444.78
 1808    425.11    442.75
 1809    429.98    443.52
 1810    430.84    449.34
 1811    427.86    450.29
 1812    429.05    446.56
 1813    436.10    447.91
 1814    442.16    456.40
 1815    451.10    463.66
 1816    447.64    474.43
 1817    452.58    470.09
 1818    460.33    475.98
 1819    462.51    485.28
 1820    467.80    487.78
 1821    445.01    494.06
 1822    449.86    466.17
 1823    456.35    471.95
 1824    449.33    479.72
 1825    453.04    471.05
 1826    444.51    475.44
 1827    450.27    464.94
 1828    446.96    471.84
 1829    448.53    467.69
 1830    460.37    469.49
 1831    459.46    483.79
 1832    459.44    482.56
 1833    461.49    482.40
 1834    450.99    484.77
 1835    452.11    471.85
 1836    454.82    473.10
 1837    455.73    476.29
 1838    455.75    477.28
 1839    457.85    477.18
 1840    453.41    479.62
 1841    452.75    474.09
 1842    453.38    473.18
 1843    436.73    473.84
 1844    442.95    453.43
 1845    443.13    460.93
 1846    438.77    461.05
 1847    443.73    455.64
 1848    445.13    461.60
 1849    449.23    463.22
 1850    453.82    468.14
 1851    473.47    473.65
 1852    525.43    497.57
 1853    524.08    560.91
 1854    532.59    559.02
 1855    531.80    569.16
 1856    536.42    567.94
 1857    538.14    573.33
 1858    570.47    575.18
 1859    573.45    614.40
 1860    574.11    617.72
 1861    585.53    618.18
 1862    577.86    631.75
 1863    583.10    622.07
 1864    576.45    628.14
 1865    579.13    619.79
 1866    611.78    622.78
 1867    675.34    662.19
 1868    705.62    738.77
 1869    685.99    774.39
 1870    696.32    749.58
 1871    768.24    761.11
 1872    747.55    846.33
 1873    755.68    819.95
 1874    764.04    828.31
 1875    727.95    836.93
 1876    665.88    792.73
 1877    602.89    717.99
 1878    625.49    642.46
 1879    665.16    669.20
 1880    665.33    716.16
 1881    630.25    715.93
 1882    658.40    673.77
 1883    646.30    707.01
 1884    639.08    692.26
 1885    672.48    683.38
 1886    676.52    722.87
 1887    703.69    727.30
 1888    659.69    759.22
 1889    681.63    706.45
 1890    668.09    732.24
 1891    676.11    715.79
 1892    639.76    725.03
 1893    664.74    681.51
 1894    650.63    711.04
 1895    649.96    694.00
 1896    649.03    692.99
 1897    664.84    691.68
 1898    653.93    710.30
 1899    659.64    697.08
 1900    664.88    703.68
 1901    663.54    709.71
 1902    679.05    707.89
 1903    673.59    726.17
 1904    673.84    719.41
 1905    666.18    719.48
 1906    665.10    710.13
 1907    650.82    708.64
 1908    654.86    691.39
 1909    661.05    696.06
 1910    655.13    703.30
 1911    651.08    696.05
 1912    655.44    691.05
 1913    655.63    696.12
 1914    656.67    696.20
 1915    654.98    697.30
 1916    625.88    695.12
 1917    607.37    660.04
 1918    552.82    637.68
 1919    565.26    571.94
 1920    578.32    586.85
 1921    574.96    602.51
 1922    588.42    598.37
 1923    592.78    614.55
 1924    590.62    619.73
 1925    584.76    617.02
 1926    592.89    609.83
 1927    586.52    619.59
 1928    586.03    611.76
 1929    585.08    611.07
 1930    571.44    609.81
 1931    567.20    593.10
 1932    576.25    587.83
 1933    571.74    598.76
 1934    572.50    593.15
 1935    573.66    593.96
 1936    580.70    595.26
 1937    580.69    603.73
 1938    584.73    603.59
 1939    581.28    608.40
 1940    577.99    604.06
 1941    575.73    599.92
 1942    578.16    597.04
 1943    568.67    599.90
 1944    573.55    588.19
 1945    572.36    594.06
 1946    576.00    592.49
 1947    572.33    596.84
 1948    571.69    592.24
 1949    574.15    591.34
 1950    598.38    594.26
 1951    608.92    623.93
 1952    606.03    636.78
 1953    611.07    633.11
 1954    614.79    639.20
 1955    624.95    643.67
 1956    621.80    656.08
 1957    622.21    652.07
 1958    605.81    652.45
 1959    606.31    632.04
 1960    606.92    632.53
 1961    608.22    633.16
 1962    605.21    634.63
 1963    606.33    630.77
 1964    605.29    632.03
 1965    608.70    630.61
 1966    608.53    634.71
 1967    599.47    634.37
 1968    595.80    622.98
 1969    595.03    618.30
 1970    601.71    617.21
 1971    601.34    625.39
 1972    599.18    624.80
 1973    606.81    621.98
 1974    604.76    631.35
 1975    603.52    628.67
 1976    605.06    626.99
 1977    608.44    628.78
 1978    613.93    632.86
 1979    610.29    639.55
 1980    612.34    634.89
 1981    609.37    637.31
 1982    610.88    633.48
 1983    610.90    635.23
 1984    616.49    635.12
 1985    616.60    641.94
 1986    614.62    641.93
 1987    617.42    639.33
 1988    639.37    642.68
 1989    635.08    669.84
 1990    635.02    664.34
 1991    638.37    664.10
 1992    637.37    668.10
 1993    639.83    666.69
 1994    636.92    669.59
 1995    635.51    665.80
 1996    628.15    663.88
 1997    628.62    654.57
 1998    630.15    655.00
 1999    652.71    656.76
 2000    649.24    684.71
 2001    648.40    680.20
 2002    652.89    678.98
 2003    674.36    684.39
 2004    686.52    710.93
 2005    688.10    725.82
 2006    712.87    727.54
 2007    696.35    758.07
 2008    697.37    737.24
 2009    729.27    738.32
 2010    742.46    777.74
 2011    687.51    793.82
 2012    702.54    725.20
 2013    704.16    743.72
 2014    712.24    745.48
 2015    704.02    755.28
 2016    709.15    744.83
 2017    721.19    751.00
 2018    713.67    765.74
 2019    716.56    756.14
 2020    703.55    759.51
 2021    702.50    743.08
 2022    706.39    741.58
 2023    711.96    746.25
 2024    742.07    753.01
 2025    735.41    790.39
 2026    749.68    781.84
 2027    750.63    799.41
 2028    728.61    800.34
 2029    736.72    772.58
 2030    748.22    782.49
 2031    741.60    796.64
 2032    736.40    788.13
 2033    738.28    781.42
 2034    732.82    783.57
 2035    728.42    776.53
 2036    731.75    770.83
 2037    731.76    774.82
 2038    742.01    774.63
 2039    753.25    787.27
 2040    771.41    801.13
 2041    764.97    823.64
 2042    766.46    815.24
 2043    750.71    816.79
 2044    758.81    796.73
 2045    763.90    806.61
 2046    766.75    812.70
 2047    770.41    815.96
 2048    773.21    820.26
 2049    768.62    823.47
 2050    777.91    817.42
 2051    775.25    828.77
 2052    776.64    825.12
 2053    775.48    826.56
 2054    780.85    824.79
 2055    788.58    831.23
 2056    788.59    840.63
 2057    790.16    840.34
 2058    798.78    842.04
 2059    833.10    852.59
 2060    858.74    895.34
 2061    916.79    927.01
 2062    894.20    999.02
 2063    894.48    969.92
 2064    902.55    969.53
 2065    931.11    978.87
 2066    978.01   1013.70
 2067    969.62   1071.00
 2068    960.47   1059.33
 2069    968.23   1046.86
 2070    997.69   1055.43
 2071   1018.05   1090.71
 2072   1030.82   1114.54
 2073   1129.87   1128.86
 2074   1005.81   1248.55
 2075    895.67   1094.64
 2076    905.17    958.73
 2077    913.52    969.97
 2078    899.35    979.79
 2079    904.79    961.97
 2080    775.98    968.25
 2081    802.83    809.72
 2082    826.12    842.59
 2083    818.64    871.07
 2084    822.42    861.68
 2085    830.26    866.16
 2086    904.45    875.65
 2087    884.25    966.84
 2088    898.02    941.62
 2089    891.62    958.29
 2090    920.01    950.08
 2091    925.33    984.75
 2092    912.69    990.92
 2093    885.65    974.97
 2094    894.11    941.31
 2095    915.10    951.49
 2096    918.56    977.11
 2097    920.28    981.05
 2098    914.04    982.84
 2099    920.24    974.81
 2100    967.67    982.15
 2101    987.35   1040.36
 2102   1007.79   1064.14
 2103   1018.11   1088.76
 2104   1033.65   1100.79
 2105   1013.99   1119.17
 2106   1024.61   1094.20
 2107   1052.54   1106.58
 2108   1054.34   1140.15
 2109    988.95   1141.48
 2110    993.08   1060.44
 2111   1010.00   1065.00
 2112    999.51   1085.29
 2113    996.86   1071.89
 2114   1009.25   1068.15
 2115   1009.12   1082.90
 2116   1034.08   1082.24
 2117   1053.12   1112.37
 2118   1058.41   1135.12
 2119   1052.82   1140.96
 2120   1083.24   1133.48
 2121   1123.66   1170.05
 2122   1122.19   1218.65
 2123   1178.38   1215.87
 2124   1180.92   1283.34
 2125   1151.58   1285.16
 2126   1179.97   1248.30
 2127   1194.28   1281.76
 2128   1190.89   1297.96
 2129   1230.02   1292.66
 2130   1260.92   1338.83
 2131   1290.79   1374.75
 2132   1267.68   1409.16
 2133   1277.68   1379.66
 2134   1280.87   1390.29
 2135   1232.43   1392.70
 2136   1150.48   1333.25
 2137   1191.81   1233.95
 2138   1117.02   1283.01
 2139   1181.64   1192.51
 2140   1229.50   1269.69
 2141   1243.24   1326.44
 2142   1246.31   1341.99
 2143   1259.60   1344.61
 2144   1172.91   1359.46
 2145   1070.13   1254.75
 2146    970.60   1131.11
 2147   1017.80   1011.50
 2148   1041.34   1067.90
 2149   1115.04   1095.87
 2150   1037.44   1183.90
 2151   1029.95   1090.45
 2152    935.95   1081.18
 2153    964.69    968.14
 2154    965.23   1002.46
 2155   1040.49   1002.92
 2156   1044.25   1093.09
 2157   1040.39   1097.31
 2158   1037.53   1092.37
 2159   1079.75   1088.64
 2160   1089.51   1138.99
 2161   1098.78   1150.32
 2162   1147.63   1161.04
 2163   1143.75   1219.12
 2164   1135.00   1213.93
 2165   1190.60   1202.95
 2166   1193.02   1268.89
 2167   1184.82   1271.14
 2168   1210.05   1260.76
 2169   1213.34   1290.28
 2170   1224.77   1293.53
 2171   1216.50   1306.48
 2172   1178.53   1295.97
 2173   1183.44   1250.15
 2174   1180.70   1255.49
 2175   1184.79   1251.73
 2176   1203.73   1256.09
 2177   1217.60   1278.09
 2178   1226.94   1294.01
 2179   1255.40   1304.52
 2180   1257.13   1337.69
 2181   1244.37   1339.06
 2182   1248.22   1323.28
 2183   1248.32   1327.25
 2184   1263.54   1326.76
 2185   1284.84   1344.19
 2186   1329.19   1368.77
 2187   1320.05   1420.51
 2188   1327.04   1408.90
 2189   1347.96   1416.39
 2190   1402.08   1440.29
 2191   1443.68   1503.20
 2192   1492.00   1551.10
 2193   1515.63   1606.63
 2194   1512.21   1632.91
 2195   1548.29   1627.40
 2196   1555.47   1668.18
 2197   1639.32   1675.01
 2198   1706.93   1771.24
 2199   1756.80   1847.88
 2200   1807.37   1903.37
 2201   1676.99   1959.28
 2202   1759.96   1805.78
 2203   1772.42   1899.84
 2204   1697.38   1912.00
 2205   1718.20   1823.44
 2206   1802.16   1845.79
 2207   1887.33   1940.65
 2208   1968.10   2036.31
 2209   2051.73   2126.39
 2210   2055.62   2219.06
 2211   2139.03   2220.25
 2212   2291.48   2312.00
 2213   2476.30   2481.19
 2214   2357.50   2685.15
 2215   2247.48   2545.58
 2216   2106.31   2417.61
 2217   2207.58   2255.75
 2218   2289.87   2367.48
 2219   2197.23   2457.29
 2220   2330.23   2350.68
 2221   2452.18   2497.42
 2222   2517.41   2630.94
 2223   2555.65   2700.40
 2224   2552.81   2739.53
 2225   2736.59   2732.96
 2226   2914.08   2933.68
 2227   2694.22   3125.96
 2228   2825.03   2878.11
 2229   2826.70   3019.35
 2230   2942.34   3017.52
 2231   3018.54   3141.41
 2232   2682.59   3221.35
 2233   2738.93   2848.45
 2234   2494.48   2908.28
 2235   2456.92   2637.64
 2236   2528.10   2595.10
 2237   2664.00   2672.14
 2238   2576.17   2820.02
 2239   2641.66   2722.11
 2240   2778.83   2792.66
 2241   2712.16   2941.56
 2242   2740.79   2866.81
 2243   2738.22   2896.69
 2244   2619.12   2892.40
 2245   2594.45   2760.66
 2246   2485.36   2732.58
 2247   2593.17   2612.22
 2248   2584.56   2729.41
 2249   2561.56   2719.08
 2250   2499.98   2693.05
 2251   2460.20   2624.88
 2252   2529.78   2580.68
 2253   2581.07   2656.18
 2254   2625.07   2711.59
 2255   2629.27   2758.96
 2256   2619.11   2762.76
 2257   2521.24   2750.88
 2258   2579.93   2643.12
 2259   2525.67   2706.73
 2260   2371.96   2646.75
 2261   2332.19   2478.02
 2262   2423.16   2434.10
 2263   2364.52   2533.30
 2264   2232.65   2468.68
 2265   1993.26   2323.89
 2266   1938.94   2061.33
 2267   2244.26   2001.57
 2268   2327.90   2336.09
 2269   2294.40   2427.49
 2270   2877.39   2390.42
 2271   2694.29   3029.17
 2272   2838.81   2827.61
 2273   2762.63   2985.32
 2274   2779.04   2901.02
 2275   2591.22   2918.30
 2276   2550.18   2711.74
 2277   2697.47   2666.27
 2278   2805.18   2827.34
 2279   2720.08   2944.84
 2280   2746.33   2850.85
 2281   2873.83   2879.06
 2282   2735.59   3018.27
 2283   2723.58   2865.96
 2284   2814.36   2852.24
 2285   2883.68   2951.29
 2286   3301.76   3026.71
 2287   3255.00   3484.38
 2288   3431.97   3431.79
 2289   3453.16   3624.41
 2290   3377.54   3646.04
 2291   3445.28   3561.71
 2292   3679.61   3634.53
 2293   3917.65   3889.43
 2294   4111.20   4147.60
 2295   4382.74   4356.31
 2296   4204.43   4649.26
 2297   4425.30   4451.07
 2298   4316.34   4688.51
 2299   4159.46   4566.36
 2300   4206.13   4392.70
 2301   4111.22   4441.04
 2302   4054.94   4335.52
 2303   4137.67   4272.35
 2304   4191.22   4360.47
 2305   4362.47   4416.75
 2306   4408.32   4600.75
 2307   4387.46   4648.26
 2308   4394.51   4623.37
 2309   4439.66   4628.93
 2310   4648.13   4675.88
 2311   4630.73   4899.78
 2312   4764.87   4878.54
 2313   4950.72   5021.54
 2314   4643.97   5220.17
 2315   4631.69   4885.50
 2316   4319.72   4870.27
 2317   4422.12   4530.90
 2318   4626.72   4640.47
 2319   4638.10   4860.47
 2320   4317.54   4871.16
 2321   4291.88   4522.87
 2322   4191.17   4494.08
 2323   4188.84   4384.15
 2324   4148.27   4380.80
 2325   3874.26   4336.09
 2326   3226.41   4038.72
 2327   3686.90   3336.47
 2328   3678.74   3835.19
 2329   3672.57   3825.94
 2330   4067.08   3818.85
 2331   3897.00   4246.13
 2332   3858.09   4061.12
 2333   3612.68   4018.42
 2334   3603.31   3751.74
 2335   3777.29   3741.21
 2336   3662.12   3929.72
 2337   3927.50   3804.26
 2338   3895.51   4092.10
 2339   4208.56   4056.87
 2340   4185.29   4396.48
 2341   4164.10   4370.55
 2342   4353.05   4346.91
 2343   4394.64   4551.65
 2344   4404.10   4596.13
 2345   4320.09   4605.66
 2346   4225.92   4513.60
 2347   4322.75   4410.54
 2348   4370.24   4515.28
 2349   4437.03   4566.30
 2350   4596.96   4638.28
 2351   4772.97   4811.54
 2352   4754.70   5002.11
 2353   4830.77   4981.18
 2354   5439.13   5062.93
 2355   5640.13   5723.46
 2356   5809.69   5939.91
 2357   5697.39   6121.74
 2358   5754.22   5997.16
 2359   5595.23   6056.62
 2360   5572.20   5881.73
 2361   5699.58   5854.81
 2362   5984.09   5991.29
 2363   6013.23   6298.06
 2364   5984.96   6327.14
 2365   5895.30   6294.12
 2366   5518.85   6194.77
 2367   5733.90   5784.55
 2368   5888.14   6016.60
 2369   5767.68   6182.41
 2370   5732.82   6050.08
 2371   6140.53   6010.94
 2372   6121.80   6451.92
 2373   6447.67   6429.78
 2374   6750.17   6781.40
 2375   7030.00   7107.03
 2376   7161.45   7407.42
 2377   7387.00   7546.43
 2378   7382.45   7787.08
 2379   6958.21   7778.33
 2380   7118.80   7315.83
 2381   7458.79   7487.02
 2382   7146.78   7851.93
 2383   6570.31   7511.32
 2384   6337.00   6885.44
 2385   5857.32   6631.54
 2386   6517.68   6111.19
 2387   6598.77   6825.26
 2388   7279.00   6911.70
 2389   7843.94   7646.34
 2390   7689.91   8254.91
 2391   7776.94   8085.08
 2392   8033.94   8176.25
 2393   8238.20   8450.98
 2394   8095.59   8668.23
 2395   8230.69   8510.62
 2396   8002.64   8653.34
 2397   8201.46   8403.91
 2398   8763.78   8615.81
 2399   9326.59   9219.53
 2400   9739.05   9822.37
 2401   9908.23  10261.59
 2402   9816.35  10437.78
 2403   9916.54  10332.89
 2404  10859.56  10435.29
 2405  10895.01  11443.52
 2406  11180.89  11473.84
 2407  11616.85  11773.30
 2408  11696.06  12233.05
 2409  13708.99  12309.37
 2410  16858.02  14454.94
 2411  16057.14  17797.40
 2412  14913.40  16914.68
 2413  15036.96  15676.19
 2414  16699.68  15793.10
 2415  17178.10  17545.28
 2416  16407.20  18033.74
 2417  16531.08  17198.22
 2418  17601.94  17315.66
 2419  19343.04  18436.09
 2420  19086.64  20260.82
 2421  18960.52  19970.11
 2422  17608.35  19820.20
 2423  16454.72  18379.15
 2424  15561.05  17152.35
 2425  13857.14  16202.83
 2426  14548.71  14399.47
 2427  13975.44  15127.63
 2428  13917.03  14519.53
 2429  15745.26  14455.84
 2430  15378.28  16384.58
 2431  14428.76  15993.44
 2432  14427.87  14987.72
 2433  12629.81  14984.77
 2434  13860.14  13083.24
 2435  13412.44  14382.61
 2436  14740.76  13908.18
 2437  15134.65  15311.13
 2438  15155.23  15725.64
 2439  16937.17  15745.40
 2440  17135.84  17626.48
 2441  16178.49  17832.82
 2442  14970.36  16817.73
 2443  14439.47  15538.49
 2444  14890.72  14975.84
 2445  13287.26  15452.04
 2446  13812.71  13754.71
 2447  14188.78  14310.16
 2448  13619.03  14707.46
 2449  13585.90  14103.57
 2450  11348.02  14067.88
 2451  11141.25  11696.90
 2452  11250.65  11477.51
 2453  11514.92  11593.16
 2454  12759.64  11873.05
 2455  11522.86  13192.79
 2456  10772.15  11880.37
 2457  10839.83  11083.36
 2458  11399.52  11154.84
 2459  11137.24  11748.80
 2460  11090.06  11469.84
 2461  11407.15  11419.33
 2462  11694.47  11755.98
 2463  11158.39  12061.08
 2464  10035.00  11490.57
 2465  10166.51  10294.94
 2466   9052.58  10434.41
 2467   8827.63   9247.89
 2468   9224.39   9007.63
 2469   8186.65   9429.65
 2470   6914.26   8322.93
 2471   7700.39   6965.48
 2472   7581.80   7802.86
 2473   8237.24   7675.40
 2474   8689.84   8373.95
 2475   8556.61   8856.29
 2476   8070.80   8713.19
 2477   8891.21   8193.32
 2478   8516.24   9069.21
 2479   9477.84   8667.51
 2480  10016.49   9695.09
 2481  10178.71  10270.67
 2482  11092.15  10443.63
 2483  10396.63  11420.93
 2484  11159.72  10675.44
 2485  11228.24  11492.36
 2486  10456.17  11565.20
 2487   9830.43  10736.80
 2488  10149.46  10064.94
 2489   9682.38  10406.48
 2490   9586.46   9904.36
 2491  10313.08   9800.53
 2492  10564.42  10580.21
 2493  10309.64  10849.54
 2494  10907.59  10574.91
 2495  11019.52  11217.16
 2496  11438.65  11336.85
 2497  11479.73  11787.17
 2498  11432.98  11830.66
 2499  10709.53  11779.56
 2500   9906.80  10999.39
 2501   9299.28  10133.38
 2502   9237.05   9477.40
 2503   8787.16   9409.25
 2504   9532.74   8922.79
 2505   9118.27   9726.44
 2506   9144.15   9277.88
 2507   8196.90   9304.73
 2508   8256.99   8280.01
 2509   8269.33   8343.72
 2510   7862.11   8355.79
 2511   8196.02   7914.01
 2512   8594.19   8274.05
 2513   8915.90   8703.83
 2514   8895.40   9051.02
 2515   8712.89   9027.62
 2516   8918.74   8828.65
 2517   8535.89   9050.63
 2518   8449.83   8634.23
 2519   8138.34   8539.63
 2520   7790.16   8200.33
 2521   7937.20   7821.08
 2522   7086.49   7979.46
 2523   6844.32   7053.97
 2524   6926.02   6789.40
 2525   6816.74   6876.66
 2526   7049.79   6756.26
 2527   7417.89   7008.19
 2528   6789.30   7407.21
 2529   6774.75   6721.46
 2530   6620.41   6704.06
 2531   6896.28   6534.45
 2532   7022.71   6833.46
 2533   6773.94   6969.71
 2534   6830.90   6696.91
 2535   6939.55   6757.40
 2536   7916.37   6874.29
 2537   7889.23   7938.83
 2538   8003.68   7907.61
 2539   8357.04   8031.04
 2540   8051.34   8415.65
 2541   7890.15   8079.78
 2542   8163.69   7901.78
 2543   8273.74   8199.47
 2544   8863.50   8318.32
 2545   8917.60   8962.77
 2546   8792.83   9020.54
 2547   8938.30   8882.18
 2548   9652.16   9040.18
 2549   8864.09   9822.18
 2550   9279.00   8955.28
 2551   8978.33   9409.53
 2552   9342.47   9077.38
 2553   9392.03   9476.29
 2554   9244.32   9529.25
 2555   9067.71   9364.97
 2556   9219.86   9168.62
 2557   9734.67   9334.60
 2558   9692.72   9900.96
 2559   9826.60   9853.08
 2560   9619.14   9999.41
 2561   9362.53   9768.54
 2562   9180.16   9483.07
 2563   9306.00   9279.54
 2564   9014.61   9417.13
 2565   8406.17   9092.48
 2566   8467.66   8415.94
 2567   8688.03   8482.01
 2568   8675.21   8724.54
 2569   8474.24   8708.27
 2570   8340.30   8482.80
 2571   8058.60   8331.65
 2572   8240.72   8015.96
 2573   8234.15   8216.41
 2574   8520.81   8206.75
 2575   8395.23   8524.06
 2576   7983.52   8381.70
 2577   7502.56   7919.94
 2578   7578.69   7380.45
 2579   7460.69   7463.27
 2580   7334.16   7329.07
 2581   7344.97   7185.17
 2582   7105.67   7194.94
 2583   7460.58   6924.78
 2584   7375.67   7320.32
 2585   7487.19   7223.21
 2586   7518.24   7346.46
 2587   7636.19   7379.36
 2588   7711.36   7509.91
 2589   7490.59   7592.41
 2590   7616.89   7342.47
 2591   7655.98   7482.38
 2592   7688.00   7524.25
 2593   7616.10   7558.13
 2594   7497.34   7475.14
 2595   6765.80   7339.39
 2596   6877.18   6513.71
 2597   6548.33   6637.35
 2598   6299.52   6264.97
 2599   6637.74   5982.80
 2600   6410.72   6362.43
 2601   6485.87   6104.83
 2602   6443.67   6188.06
 2603   6709.48   6139.01
 2604   6737.41   6437.71
 2605   6758.38   6467.57
 2606   6717.20   6489.55
 2607   6053.90   6441.03
 2608   6170.56   5689.61
 2609   6150.19   5820.06
 2610   6247.47   5795.56
